9.4 0.007072136
9.65 0.1000253
9.7 0.03136763
9.8 0.06227728275
9.95 0.01584786
10 0.0644632
10.05 0.1127904
10.15 0.009303562
10.2 0.07003799
10.35 0.02880084
10.45 0.1669545
10.55 0.1080432
10.6 0.09196891
10.65 0.0672442575
10.85 -0.02541866
10.9 0.1147159
10.95 0.02899812
11.05 0.03219633
11.1 0.076604994
11.15 0.085050725
11.2 0.09354839
11.25 0.02236548
11.4 0.1185789
11.5 0.14191364
11.65 0.04334121
11.7 0.1797308
11.75 0.094508435
11.95 0.1165981
12 0.1159196
12.05 0.08906123
12.1 0.01275441
12.15 0.1361386
12.2 0.096526515
12.25 0.122210565
12.3 0.066731555
12.55 0.110245325
12.6 0.1756374
12.65 0.11446436
12.7 0.05716963
12.75 0.102422093333333
12.8 0.07529081
12.9 0.1326816
12.95 0.1015697
13 0.111715
13.1 0.101257875
13.15 0.0355839434
13.2 0.1102782
13.25 0.05284274
13.35 0.109778155
13.4 0.04756381
13.6 0.05748838
13.7 0.054900505
13.75 0.102147146666667
13.8 0.104239563333333
13.85 0.03397612
13.95 0.02112276
14 0.036894905
14.15 0.07056799
14.2 0.0464716
14.25 0.0590651925
14.35 0.04809266225
14.4 0.0108055
14.5 0.0179704
14.55 -0.008632384
14.75 0.03959216
14.85 0.0405291233333333
14.9 0.0326866484666667
14.95 0.01313293
15 0.025503965
15.05 0.03888061
15.1 0.01979545
15.15 0.039407515
15.2 0.02815315
15.3 0.01459035
15.35 0.0708278
15.4 -9.32149999999998e-05
15.5 0.03055043
15.6 0.01778496
15.75 -0.00720072
15.8 -0.003440683
15.85 0.02987973
15.9 0.009345794
16 0.02491922
16.05 -0.02147459
16.1 0.02666667
16.15 0.0377529723333333
16.2 0.0221591566666667
16.25 0.02668668
16.35 0.005941771
16.4 -0.01669847
16.5 0.000193083
16.55 0.017720107
16.6 0.01149425
16.65 0
16.7 -0.01969209
16.9 -0.0021417215
17.05 0.03080172
17.15 0.01227302
17.2 0.006961282
17.25 0.0132513105
17.5 0.00758214
17.7 -0.0007839448
17.75 0.01468429
17.8 -0.0115894
17.95 0.0158131866666667
18 0.005836576
18.05 0.01550388
18.1 -0.0039273565
18.3 -0.02352763
18.4 -0.001806685
18.5 0
18.6 0.01662234
18.7 0
18.75 0.00685881
18.8 0.01082921
18.85 0.009253904
18.95 -0.01200384
19 -0.01086661
19.05 0.01544103
19.15 0.02659132
19.3 0.0199936
19.35 -0.01537947
19.45 0.03044015
19.55 0
19.8 0.010951403
19.9 0.01260875
19.95 0.0130558636666667
20.1 -0.006263048
20.15 0.00284113
20.2 0.002735878
20.25 0.0073281516
20.4 0.006319883
20.5 0.007833307
20.65 -0.003465003
20.95 0.0095951575
21 -0.01644479
21.2 -0.009556907
21.3 0.004396226
21.4 -0.03155996
21.5 -0.004655493
21.75 0.03625487
21.8 0.01749781
21.9 -0.02023031
22.15 0.0165692
22.2 0.008521847
22.25 0.01943301
22.4 0.006517691
22.85 -0.03998857
22.95 -0.0011677535
23.05 -0.01042753
23.25 -0.00715298766666667
23.3 -0.0005458515
23.35 0
23.45 -0.00011575
23.8 0.03696498
23.9 -0.009314141
23.95 0.007374213
24 0.00524109
24.1 0.003433476
24.15 -0.03569878
24.25 0.005270926
24.3 -0.015003875
24.7 0.007284382
24.8 -0.01125704
24.85 -0.0009496676
24.9 0.0010284745
25 0.0322154655
25.55 0.009467456
