9.6 0.01697793
9.75 0.02174859
9.8 0.06545961
9.95 0.01605473
10.1 0.04963066
10.15 0.0527994066666667
10.25 0.0394277235
10.5 0.01182219
10.6 0.0148368
10.65 0.02538685
10.75 0.043454925
10.85 0.03089721
11.1 0.1186161
11.15 0.043657235
11.2 -0.027711002
11.4 0.007835655
11.5 0.03539254
11.55 0.05505863
11.6 0.1163683
11.65 0.0099906105
11.7 0.01544589475
11.75 0.01614506
11.8 0.04207921
11.85 0.0334021
11.9 0.0561036433333333
11.95 0.112787125
12.1 0.08741737
12.15 0.0270636
12.25 0.02816461
12.3 0.04465347
12.4 -0.006430868
12.5 0.114295385
12.6 0.10306333
12.7 0.0432991175
12.75 0.02043904
12.95 0.1944643
13 0.1005068
13.05 0.05056129
13.1 0.02401378
13.15 0.10846909
13.25 0.070314265
13.3 0.1405982
13.35 0.01970929
13.4 0.08698055
13.45 0.08690879
13.5 0.1607884
13.65 0.1500682
13.75 0.0013254375
13.9 0.00940797
14 0.029248571
14.05 0.16653235
14.1 0.02975798
14.15 0.04160247
14.3 0.113841386666667
14.35 0.04237716
14.6 0.0778781
14.65 0.04965986
14.7 0.05879292
14.9 0.102258
14.95 0.0985019766666667
15.05 0.06154843
15.1 0.05725699
15.15 0.1090909
15.2 0.0805624
15.25 0.1045431
15.3 0.02861569
15.35 0.09786864
15.4 0.03626943
15.6 0.0244858
15.65 0.1329818
15.7 0.04166667
15.85 0.04303389
15.9 0.059389305
15.95 0.1359677
16 0.05417957
16.05 0.06731352
16.1 0.06562414
16.15 0.04596011
16.2 0.037167245
16.25 0.04885039
16.3 0.03579677
16.35 0.009513742
16.4 -0.002803738
16.45 0.02748871
16.5 0.042617495
16.55 0.1060335
16.7 0.061991715
16.95 0.0139593
17 0.1013216
17.15 0.0291981403333333
17.25 -0.0394527
17.4 0.03821861
17.55 0.01946507
17.6 0.07430399
17.65 0.046987095
17.75 -0.03249655
17.9 0.01455604
17.95 0.007682458
18 0.06133333
18.1 0.005764785
18.25 -0.02351877
18.3 0.02413127
18.35 -0.003582624
18.65 0.04259884
18.7 0.0165284465
18.75 -0.0112341965
19.05 -0.02048381
19.15 0.00213063
19.2 0.02656114
19.25 0.0081195
19.3 0.02512563
19.35 0.014391958
19.4 -0.0099307115
19.6 -0.005074854
19.65 0.05394605
19.7 0.01246883
19.8 -0.01838235
19.85 0.02174088
19.9 0.023626685
20.05 0.01707525
20.15 -0.00960984
20.3 -0.04418605
20.35 0.04995005
20.4 -0.00124801433333333
20.45 0.04020101
20.55 0.02321236
20.6 0.02746694
20.65 0.02168805
20.7 -0.00506483 
20.75 -0.03640647
20.8 0.03667263
20.85 0.01193928
20.9 -0.004975124
20.95 0.01598195
21.25 -0.03302253
21.6 0.007324219
21.7 -0.028850785
21.85 0.0107404125
22 0.014521958
22.05 -0.00563204
22.55 -0.002067183
22.9 -0.003174603
23.05 -0.03158132
23.3 0.0172853
23.7 -0.015311
23.9 0.02067669
24 0.026534
24.1 -0.0148556295
24.5 -0.01426025
24.7 0.017082726
25.15 0.02586035
25.2 0.0012937961
